111000000
110111110
000000001
011110000
111000000
001000000
110100001
000000000
011110010
011100100
010010101
111000000
001000010
000000111
111000000
001001000
000000010
010110100
010010001
111000000
001000111
001000010
000000111
111000000
001001000
111000001
000000010
010010011
111000000
001000010
000000110
111000000
001001000
111001110
000000010
010010100
111000000
001000110
001000010
000000110
111000000
001001000
111000001
000000010
111000000
001001000
111000010
000000011
010111001
111000000
001000010
000100011
000000010
111000000
001001000
111001000
000000011
010111011
111000000
001000010
000100011
000000010
111000000
001001000
111010000
000000011
010111100
111000000
001000010
000100011
000000010
111000000
110100001
000000011
010011110
111000000
001001000
001100011
000000011
010111110
111000000
001000010
000100011
000000010
111000000
001001001
111000001
000000011
111000000
001000010
000100011
000000010
111000000
001001001
111000100
000000011
010111010
111000000
001000010
000100011
000000010
010010001
111000000
001000110
001000010
000000110
111000000
001001000
111000001
000000010
111000000
001001000
111000100
000000011
010111010
111000000
001000010
000100011
000000010
111000000
001001000
111001000
000000011
010111011
111000000
001000010
000100011
000000010
111000000
110100001
000000011
010011101
111000000
001001000
001100011
000000011
010111101
111000000
001000010
000100011
000000010
111000000
110100001
000000011
010011110
111000000
001001000
001100011
000000011
010111110
111000000
001000010
000100011
000000010
111000000
001001001
111000010
000000011
010111001
111000000
001000010
000100011
000000010
111000000
001001001
111000100
000000011
010111010
111000000
001000010
000100011
000000010
010010010
111000000
001000110
001000010
000000110
111000000
001001000
111000010
000000010
010110001
111000000
001001000
111000100
000000011
010111010
111000000
001000010
000100011
000000010
111000000
001001000
111001000
000000011
010111011
111000000
001000010
000100011
000000010
111000000
110100001
000000011
010011111
111000000
001001000
001100011
000000011
010111111
111000000
001000010
000100011
000000010
111000000
001001001
111000001
000000011
111000000
001000010
000100011
000000010
111000000
001001001
111000010
000000011
010111001
111000000
001000010
000100011
000000010
111000000
001001001
111000100
000000011
010111010
111000000
001000010
000100011
000000010
010010100
111000000
001000110
001000010
000000110
111000000
001001000
111010000
000000010
010110100
111000000
110100001
000000011
010011101
111000000
001001000
001100011
000000011
010111101
111000000
001000010
000100011
000000010
111000000
110100001
000000011
010011110
111000000
001001000
001100011
000000011
010111110
111000000
001000010
000100011
000000010
111000000
110100001
000000011
010011111
111000000
001001000
001100011
000000011
010111111
111000000
001000010
000100011
000000010
111000000
001001001
111000001
000000011
111000000
001000010
000100011
000000010
111000000
001001001
111000010
000000011
010111001
111000000
001000010
000100011
000000010
111000000
001001001
111000100
000000011
010111010
111000000
001000010
000100011
000000010
111000000
001000111
001000010
000000111
111000000
001000110
111000010
000000010
010110001
111000000
001000110
111000100
000000011
010111010
111000000
001000010
000100011
000000010
111000000
001000110
111001000
000000011
010111011
111000000
001000010
000100011
000000010
111000000
001000110
111010000
000000011
010111100
111000000
001000010
000100011
000000010
111000000
110100001
000000011
010011101
111000000
001000110
001100011
000000011
010111101
111000000
001000010
000100011
000000010
111000000
110100001
000000011
010011110
111000000
001000110
001100011
000000011
010111110
111000000
001000010
000100011
000000010
111000000
110100001
000000011
010011111
111000000
001000110
001100011
000000011
010111111
111000000
001000010
000100011
000000010
111000000
001000111
111000001
000000011
111000000
001000010
000100011
000000010
111000000
001000111
111000010
000000011
010111001
111000000
001000010
000100011
000000010
111000000
001000111
111000100
000000011
010111010
111000000
001000010
000100011
000000010
111000000
001000111
111001000
000000011
010111011
111000000
001000010
000100011
000000010
111000000
001000111
111010000
000000011
010111100
111000000
001000010
000100011
000000010
111000000
110100001
000000011
010011101
111000000
001000111
001100011
000000011
010111101
111000000
001000010
000100011
000000010
111000000
110100001
000000011
010011110
111000000
001000111
001100011
000000011
010111110
111000000
001000010
000100011
000000010
111000000
110100001
000000011
010011111
111000000
001000111
001100011
000000011
010111111
111000000
001000010
000100011
000000010
111000000
001000110
001000010
000000110
011001101
111000000
001000001
110100001
000000001
011001111
111000000
110111101
000000011
101000011
100000001
111000000
001000000
110100001
000000000
111000000
001000001
110100001
000000001
111000000
000000010
000000011
000000100
000000101
000000110
000000111
100100000
111000000
